Matriz original: 
0 1 1 0 1 0 
1 0 1 1 0 1 
1 1 0 1 1 0 
0 1 1 0 0 1 
1 0 1 0 0 1 
0 1 0 1 1 0 
---------------------------------------

k token = 2

Lista de vectores:
V1=(1,2) 
V2=(1,3) 
V3=(1,4) 
V4=(1,5) 
V5=(1,6) 
V6=(2,3) 
V7=(2,4) 
V8=(2,5) 
V9=(2,6) 
V10=(3,4) 
V11=(3,5) 
V12=(3,6) 
V13=(4,5) 
V14=(4,6) 
V15=(5,6) 

Matriz generada con k:
   V1 V2 V3 V4 V5 V6 V7 V8 V9 V10 V11 V12 V13 V14 V15 
V1  0  1  1  0  1  1  0  1  0  0   0   0   0   0   0   
V2  1  0  1  1  0  1  0  0  0  0   1   0   0   0   0   
V3  1  1  0  0  1  0  1  0  0  1   0   0   1   0   0   
V4  0  1  0  0  1  0  0  1  0  0   1   0   0   0   0   
V5  1  0  1  1  0  0  0  0  1  0   0   1   0   0   1   
V6  1  1  0  0  0  0  1  1  0  1   0   1   0   0   0   
V7  0  0  1  0  0  1  0  0  1  1   0   0   0   1   0   
V8  1  0  0  1  0  1  0  0  1  0   1   0   1   0   1   
V9  0  0  0  0  1  0  1  1  0  0   0   1   0   1   0   
V10 0  0  1  0  0  1  1  0  0  0   0   1   1   0   0   
V11 0  1  0  1  0  0  0  1  0  0   0   1   1   0   0   
V12 0  0  0  0  1  1  0  0  1  1   1   0   0   1   1   
V13 0  0  1  0  0  0  0  1  0  1   1   0   0   1   1   
V14 0  0  0  0  0  0  1  0  1  0   0   1   1   0   0   
V15 0  0  0  0  1  0  0  1  0  0   0   1   1   0   0   
