Matriz original: 
0 1 1 0 1 0 
1 0 1 1 0 1 
1 1 0 1 1 0 
0 1 1 0 0 1 
1 0 1 0 0 1 
0 1 0 1 1 0 
---------------------------------------

k token = 3

Lista de vectores:
V1=(1,2,3) 
V2=(1,2,4) 
V3=(1,2,5) 
V4=(1,2,6) 
V5=(1,3,4) 
V6=(1,3,5) 
V7=(1,3,6) 
V8=(1,4,5) 
V9=(1,4,6) 
V10=(1,5,6) 
V11=(2,3,4) 
V12=(2,3,5) 
V13=(2,3,6) 
V14=(2,4,5) 
V15=(2,4,6) 
V16=(2,5,6) 
V17=(3,4,5) 
V18=(3,4,6) 
V19=(3,5,6) 
V20=(4,5,6) 

Matriz generada con k:
   V1 V2 V3 V4 V5 V6 V7 V8 V9 V10 V11 V12 V13 V14 V15 V16 V17 V18 V19 V20 
V1  0  1  1  0  1  0  1  0  0  0   0   1   0   0   0   0   0   0   0   0   
V2  1  0  0  1  1  0  0  0  1  0   1   0   0   1   0   0   0   0   0   0   
V3  1  0  0  1  0  1  0  1  0  1   0   1   0   0   0   0   0   0   0   0   
V4  0  1  1  0  0  0  1  0  1  0   0   0   1   0   0   1   0   0   0   0   
V5  1  1  0  0  0  0  1  1  0  0   1   0   0   0   0   0   1   0   0   0   
V6  0  0  1  0  0  0  1  1  0  0   0   1   0   0   0   0   0   0   0   0   
V7  1  0  0  1  1  1  0  0  1  1   0   0   1   0   0   0   0   0   1   0   
V8  0  0  1  0  1  1  0  0  1  1   0   0   0   1   0   0   1   0   0   0   
V9  0  1  0  1  0  0  1  1  0  0   0   0   0   0   1   0   0   1   0   1   
V10 0  0  1  0  0  0  1  1  0  0   0   0   0   0   0   1   0   0   1   0   
V11 0  1  0  0  1  0  0  0  0  0   0   0   1   1   0   0   0   1   0   0   
V12 1  0  1  0  0  1  0  0  0  0   0   0   1   1   0   0   1   0   1   0   
V13 0  0  0  1  0  0  1  0  0  0   1   1   0   0   1   1   0   1   0   0   
V14 0  1  0  0  0  0  0  1  0  0   1   1   0   0   1   1   1   0   0   1   
V15 0  0  0  0  0  0  0  0  1  0   0   0   1   1   0   0   0   1   0   0   
V16 0  0  0  1  0  0  0  0  0  1   0   0   1   1   0   0   0   0   1   1   
V17 0  0  0  0  1  0  0  1  0  0   0   1   0   1   0   0   0   1   1   0   
V18 0  0  0  0  0  0  0  0  1  0   1   0   1   0   1   0   1   0   0   1   
V19 0  0  0  0  0  0  1  0  0  1   0   1   0   0   0   1   1   0   0   1   
V20 0  0  0  0  0  0  0  0  1  0   0   0   0   1   0   1   0   1   1   0   
