Matriz original: 
0 1 0 0 1 1 0 0 0 0 
1 0 1 0 0 0 1 0 0 0 
0 1 0 1 0 0 0 1 0 0 
0 0 1 0 1 0 0 0 1 0 
1 0 0 1 0 0 0 0 0 1 
1 0 0 0 0 0 0 1 1 0 
0 1 0 0 0 0 0 0 1 1 
0 0 1 0 0 1 0 0 0 1 
0 0 0 1 0 1 1 0 0 0 
0 0 0 0 1 0 1 1 0 0 
---------------------------------------

Número de colores del grafo: 3

Coloración del grafo original: 

c1 = { 3 9 10 }
c2 = { 1 4 7 8 }
c3 = { 2 5 6 }

K-token = 5

Lista de vectores:
V1=(1,2,3,4,5) 
V2=(1,2,3,4,6) 
V3=(1,2,3,4,7) 
V4=(1,2,3,4,8) 
V5=(1,2,3,4,9) 
V6=(1,2,3,4,10) 
V7=(1,2,3,5,6) 
V8=(1,2,3,5,7) 
V9=(1,2,3,5,8) 
V10=(1,2,3,5,9) 
V11=(1,2,3,5,10) 
V12=(1,2,3,6,7) 
V13=(1,2,3,6,8) 
V14=(1,2,3,6,9) 
V15=(1,2,3,6,10) 
V16=(1,2,3,7,8) 
V17=(1,2,3,7,9) 
V18=(1,2,3,7,10) 
V19=(1,2,3,8,9) 
V20=(1,2,3,8,10) 
V21=(1,2,3,9,10) 
V22=(1,2,4,5,6) 
V23=(1,2,4,5,7) 
V24=(1,2,4,5,8) 
V25=(1,2,4,5,9) 
V26=(1,2,4,5,10) 
V27=(1,2,4,6,7) 
V28=(1,2,4,6,8) 
V29=(1,2,4,6,9) 
V30=(1,2,4,6,10) 
V31=(1,2,4,7,8) 
V32=(1,2,4,7,9) 
V33=(1,2,4,7,10) 
V34=(1,2,4,8,9) 
V35=(1,2,4,8,10) 
V36=(1,2,4,9,10) 
V37=(1,2,5,6,7) 
V38=(1,2,5,6,8) 
V39=(1,2,5,6,9) 
V40=(1,2,5,6,10) 
V41=(1,2,5,7,8) 
V42=(1,2,5,7,9) 
V43=(1,2,5,7,10) 
V44=(1,2,5,8,9) 
V45=(1,2,5,8,10) 
V46=(1,2,5,9,10) 
V47=(1,2,6,7,8) 
V48=(1,2,6,7,9) 
V49=(1,2,6,7,10) 
V50=(1,2,6,8,9) 
V51=(1,2,6,8,10) 
V52=(1,2,6,9,10) 
V53=(1,2,7,8,9) 
V54=(1,2,7,8,10) 
V55=(1,2,7,9,10) 
V56=(1,2,8,9,10) 
V57=(1,3,4,5,6) 
V58=(1,3,4,5,7) 
V59=(1,3,4,5,8) 
V60=(1,3,4,5,9) 
V61=(1,3,4,5,10) 
V62=(1,3,4,6,7) 
V63=(1,3,4,6,8) 
V64=(1,3,4,6,9) 
V65=(1,3,4,6,10) 
V66=(1,3,4,7,8) 
V67=(1,3,4,7,9) 
V68=(1,3,4,7,10) 
V69=(1,3,4,8,9) 
V70=(1,3,4,8,10) 
V71=(1,3,4,9,10) 
V72=(1,3,5,6,7) 
V73=(1,3,5,6,8) 
V74=(1,3,5,6,9) 
V75=(1,3,5,6,10) 
V76=(1,3,5,7,8) 
V77=(1,3,5,7,9) 
V78=(1,3,5,7,10) 
V79=(1,3,5,8,9) 
V80=(1,3,5,8,10) 
V81=(1,3,5,9,10) 
V82=(1,3,6,7,8) 
V83=(1,3,6,7,9) 
V84=(1,3,6,7,10) 
V85=(1,3,6,8,9) 
V86=(1,3,6,8,10) 
V87=(1,3,6,9,10) 
V88=(1,3,7,8,9) 
V89=(1,3,7,8,10) 
V90=(1,3,7,9,10) 
V91=(1,3,8,9,10) 
V92=(1,4,5,6,7) 
V93=(1,4,5,6,8) 
V94=(1,4,5,6,9) 
V95=(1,4,5,6,10) 
V96=(1,4,5,7,8) 
V97=(1,4,5,7,9) 
V98=(1,4,5,7,10) 
V99=(1,4,5,8,9) 
V100=(1,4,5,8,10) 
V101=(1,4,5,9,10) 
V102=(1,4,6,7,8) 
V103=(1,4,6,7,9) 
V104=(1,4,6,7,10) 
V105=(1,4,6,8,9) 
V106=(1,4,6,8,10) 
V107=(1,4,6,9,10) 
V108=(1,4,7,8,9) 
V109=(1,4,7,8,10) 
V110=(1,4,7,9,10) 
V111=(1,4,8,9,10) 
V112=(1,5,6,7,8) 
V113=(1,5,6,7,9) 
V114=(1,5,6,7,10) 
V115=(1,5,6,8,9) 
V116=(1,5,6,8,10) 
V117=(1,5,6,9,10) 
V118=(1,5,7,8,9) 
V119=(1,5,7,8,10) 
V120=(1,5,7,9,10) 
V121=(1,5,8,9,10) 
V122=(1,6,7,8,9) 
V123=(1,6,7,8,10) 
V124=(1,6,7,9,10) 
V125=(1,6,8,9,10) 
V126=(1,7,8,9,10) 
V127=(2,3,4,5,6) 
V128=(2,3,4,5,7) 
V129=(2,3,4,5,8) 
V130=(2,3,4,5,9) 
V131=(2,3,4,5,10) 
V132=(2,3,4,6,7) 
V133=(2,3,4,6,8) 
V134=(2,3,4,6,9) 
V135=(2,3,4,6,10) 
V136=(2,3,4,7,8) 
V137=(2,3,4,7,9) 
V138=(2,3,4,7,10) 
V139=(2,3,4,8,9) 
V140=(2,3,4,8,10) 
V141=(2,3,4,9,10) 
V142=(2,3,5,6,7) 
V143=(2,3,5,6,8) 
V144=(2,3,5,6,9) 
V145=(2,3,5,6,10) 
V146=(2,3,5,7,8) 
V147=(2,3,5,7,9) 
V148=(2,3,5,7,10) 
V149=(2,3,5,8,9) 
V150=(2,3,5,8,10) 
V151=(2,3,5,9,10) 
V152=(2,3,6,7,8) 
V153=(2,3,6,7,9) 
V154=(2,3,6,7,10) 
V155=(2,3,6,8,9) 
V156=(2,3,6,8,10) 
V157=(2,3,6,9,10) 
V158=(2,3,7,8,9) 
V159=(2,3,7,8,10) 
V160=(2,3,7,9,10) 
V161=(2,3,8,9,10) 
V162=(2,4,5,6,7) 
V163=(2,4,5,6,8) 
V164=(2,4,5,6,9) 
V165=(2,4,5,6,10) 
V166=(2,4,5,7,8) 
V167=(2,4,5,7,9) 
V168=(2,4,5,7,10) 
V169=(2,4,5,8,9) 
V170=(2,4,5,8,10) 
V171=(2,4,5,9,10) 
V172=(2,4,6,7,8) 
V173=(2,4,6,7,9) 
V174=(2,4,6,7,10) 
V175=(2,4,6,8,9) 
V176=(2,4,6,8,10) 
V177=(2,4,6,9,10) 
V178=(2,4,7,8,9) 
V179=(2,4,7,8,10) 
V180=(2,4,7,9,10) 
V181=(2,4,8,9,10) 
V182=(2,5,6,7,8) 
V183=(2,5,6,7,9) 
V184=(2,5,6,7,10) 
V185=(2,5,6,8,9) 
V186=(2,5,6,8,10) 
V187=(2,5,6,9,10) 
V188=(2,5,7,8,9) 
V189=(2,5,7,8,10) 
V190=(2,5,7,9,10) 
V191=(2,5,8,9,10) 
V192=(2,6,7,8,9) 
V193=(2,6,7,8,10) 
V194=(2,6,7,9,10) 
V195=(2,6,8,9,10) 
V196=(2,7,8,9,10) 
V197=(3,4,5,6,7) 
V198=(3,4,5,6,8) 
V199=(3,4,5,6,9) 
V200=(3,4,5,6,10) 
V201=(3,4,5,7,8) 
V202=(3,4,5,7,9) 
V203=(3,4,5,7,10) 
V204=(3,4,5,8,9) 
V205=(3,4,5,8,10) 
V206=(3,4,5,9,10) 
V207=(3,4,6,7,8) 
V208=(3,4,6,7,9) 
V209=(3,4,6,7,10) 
V210=(3,4,6,8,9) 
V211=(3,4,6,8,10) 
V212=(3,4,6,9,10) 
V213=(3,4,7,8,9) 
V214=(3,4,7,8,10) 
V215=(3,4,7,9,10) 
V216=(3,4,8,9,10) 
V217=(3,5,6,7,8) 
V218=(3,5,6,7,9) 
V219=(3,5,6,7,10) 
V220=(3,5,6,8,9) 
V221=(3,5,6,8,10) 
V222=(3,5,6,9,10) 
V223=(3,5,7,8,9) 
V224=(3,5,7,8,10) 
V225=(3,5,7,9,10) 
V226=(3,5,8,9,10) 
V227=(3,6,7,8,9) 
V228=(3,6,7,8,10) 
V229=(3,6,7,9,10) 
V230=(3,6,8,9,10) 
V231=(3,7,8,9,10) 
V232=(4,5,6,7,8) 
V233=(4,5,6,7,9) 
V234=(4,5,6,7,10) 
V235=(4,5,6,8,9) 
V236=(4,5,6,8,10) 
V237=(4,5,6,9,10) 
V238=(4,5,7,8,9) 
V239=(4,5,7,8,10) 
V240=(4,5,7,9,10) 
V241=(4,5,8,9,10) 
V242=(4,6,7,8,9) 
V243=(4,6,7,8,10) 
V244=(4,6,7,9,10) 
V245=(4,6,8,9,10) 
V246=(4,7,8,9,10) 
V247=(5,6,7,8,9) 
V248=(5,6,7,8,10) 
V249=(5,6,7,9,10) 
V250=(5,6,8,9,10) 
V251=(5,7,8,9,10) 
V252=(6,7,8,9,10) 

Matriz muy grande


Número de colores del grafo: 3

Coloración del grafo K-token: 
c1 = { 4 10 11 14 15 17 18 24 28 31 36 39 40 42 43 48
49 56 57 58 62 69 70 73 76 81 82 87 90 92 99 100 105 106 108 109 112 117 120 124 130 131 134 135 137 138 142 149 150 155 156 158 159 164 165 167 168 173 174 181 185 186 188 189 192 193 198 201 206 207 212
215 218 219 226 230 231 232 237 240 244 250 251 252 }
c2 = { 1 2 3 9 13 16 21 22 23 27 34 35 38 41 46 47 52
55 60 61 64 65 67 68 72 79 80 85 86 88 89 94 95 97
98 103 104 111 115 116 118 119 122 123 129 133 136 141 144 145 147 148 153 154 161 163 166 171 172 177
180 183 184 191 195 196 197 204 205 210 211 213 214 217 222 225 229 235 236 238 239 242 243 249 }
c3 = { 5 6 7 8 12 19 20 25 26 29 30 32 33 37 44 45 50
51 53 54 59 63 66 71 74 75 77 78 83 84 91 93 96 101
102 107 110 113 114 121 125 126 127 128 132 139 140 143 146 151 152 157 160 162 169 170 175 176 178 179 182 187 190 194 199 200 202 203 208 209 216 220 221 223 224 227 228 233 234 241 245 246 247 248 }

#### X(G) - X(F_k(G)) = 0 ###

