Matriz original: 
0 1 0 0 1 1 0 0 0 0 
1 0 1 0 0 0 1 0 0 0 
0 1 0 1 0 0 0 1 0 0 
0 0 1 0 1 0 0 0 1 0 
1 0 0 1 0 0 0 0 0 1 
1 0 0 0 0 0 0 1 1 0 
0 1 0 0 0 0 0 0 1 1 
0 0 1 0 0 1 0 0 0 1 
0 0 0 1 0 1 1 0 0 0 
0 0 0 0 1 0 1 1 0 0 
---------------------------------------

Número de colores del grafo: 3

Coloración del grafo original: 

c1 = { 3 9 10 }
c2 = { 1 4 7 8 }
c3 = { 2 5 6 }

K-token = 3

Lista de vectores:
V1=(1,2,3) 
V2=(1,2,4) 
V3=(1,2,5) 
V4=(1,2,6) 
V5=(1,2,7) 
V6=(1,2,8) 
V7=(1,2,9) 
V8=(1,2,10) 
V9=(1,3,4) 
V10=(1,3,5) 
V11=(1,3,6) 
V12=(1,3,7) 
V13=(1,3,8) 
V14=(1,3,9) 
V15=(1,3,10) 
V16=(1,4,5) 
V17=(1,4,6) 
V18=(1,4,7) 
V19=(1,4,8) 
V20=(1,4,9) 
V21=(1,4,10) 
V22=(1,5,6) 
V23=(1,5,7) 
V24=(1,5,8) 
V25=(1,5,9) 
V26=(1,5,10) 
V27=(1,6,7) 
V28=(1,6,8) 
V29=(1,6,9) 
V30=(1,6,10) 
V31=(1,7,8) 
V32=(1,7,9) 
V33=(1,7,10) 
V34=(1,8,9) 
V35=(1,8,10) 
V36=(1,9,10) 
V37=(2,3,4) 
V38=(2,3,5) 
V39=(2,3,6) 
V40=(2,3,7) 
V41=(2,3,8) 
V42=(2,3,9) 
V43=(2,3,10) 
V44=(2,4,5) 
V45=(2,4,6) 
V46=(2,4,7) 
V47=(2,4,8) 
V48=(2,4,9) 
V49=(2,4,10) 
V50=(2,5,6) 
V51=(2,5,7) 
V52=(2,5,8) 
V53=(2,5,9) 
V54=(2,5,10) 
V55=(2,6,7) 
V56=(2,6,8) 
V57=(2,6,9) 
V58=(2,6,10) 
V59=(2,7,8) 
V60=(2,7,9) 
V61=(2,7,10) 
V62=(2,8,9) 
V63=(2,8,10) 
V64=(2,9,10) 
V65=(3,4,5) 
V66=(3,4,6) 
V67=(3,4,7) 
V68=(3,4,8) 
V69=(3,4,9) 
V70=(3,4,10) 
V71=(3,5,6) 
V72=(3,5,7) 
V73=(3,5,8) 
V74=(3,5,9) 
V75=(3,5,10) 
V76=(3,6,7) 
V77=(3,6,8) 
V78=(3,6,9) 
V79=(3,6,10) 
V80=(3,7,8) 
V81=(3,7,9) 
V82=(3,7,10) 
V83=(3,8,9) 
V84=(3,8,10) 
V85=(3,9,10) 
V86=(4,5,6) 
V87=(4,5,7) 
V88=(4,5,8) 
V89=(4,5,9) 
V90=(4,5,10) 
V91=(4,6,7) 
V92=(4,6,8) 
V93=(4,6,9) 
V94=(4,6,10) 
V95=(4,7,8) 
V96=(4,7,9) 
V97=(4,7,10) 
V98=(4,8,9) 
V99=(4,8,10) 
V100=(4,9,10) 
V101=(5,6,7) 
V102=(5,6,8) 
V103=(5,6,9) 
V104=(5,6,10) 
V105=(5,7,8) 
V106=(5,7,9) 
V107=(5,7,10) 
V108=(5,8,9) 
V109=(5,8,10) 
V110=(5,9,10) 
V111=(6,7,8) 
V112=(6,7,9) 
V113=(6,7,10) 
V114=(6,8,9) 
V115=(6,8,10) 
V116=(6,9,10) 
V117=(7,8,9) 
V118=(7,8,10) 
V119=(7,9,10) 
V120=(8,9,10) 

Matriz muy grande


Número de colores del grafo: 3

Coloración del grafo K-token: 
c1 = { 3 6 9 11 12 20 21 24 29 30 32 33 38 41 45 46 53 54 55 62 63 69 70 73 78 79 81 82 86 87 92 95 100 101 108 109 111 116 119 }
c2 = { 1 7 8 10 13 17 18 25 26 27 34 35 42 43 44 47 50 51 56 59 64 66 67 74 75 76 83 84 88 93 94 96 97 102 105 110 112 113 120 }
c3 = { 2 4 5 14 15 16 19 22 23 28 31 36 37 39 40 48 49 52 57 58 60 61 65 68 71 72 77 80 85 89 90 91 98 99 103 104 106 107 114 115 117 118 }

#### X(G) - X(F_k(G)) = 0 ###

