Matriz original: 
0 1 0 0 1 1 0 0 0 0 
1 0 1 0 0 0 1 0 0 0 
0 1 0 1 0 0 0 1 0 0 
0 0 1 0 1 0 0 0 1 0 
1 0 0 1 0 0 0 0 0 1 
1 0 0 0 0 0 0 1 1 0 
0 1 0 0 0 0 0 0 1 1 
0 0 1 0 0 1 0 0 0 1 
0 0 0 1 0 1 1 0 0 0 
0 0 0 0 1 0 1 1 0 0 
---------------------------------------

Número de colores del grafo: 3

Coloración del grafo original: 

c1 = { 3 9 10 }
c2 = { 1 4 7 8 }
c3 = { 2 5 6 }

K-token = 4

Lista de vectores:
V1=(1,2,3,4) 
V2=(1,2,3,5) 
V3=(1,2,3,6) 
V4=(1,2,3,7) 
V5=(1,2,3,8) 
V6=(1,2,3,9) 
V7=(1,2,3,10) 
V8=(1,2,4,5) 
V9=(1,2,4,6) 
V10=(1,2,4,7) 
V11=(1,2,4,8) 
V12=(1,2,4,9) 
V13=(1,2,4,10) 
V14=(1,2,5,6) 
V15=(1,2,5,7) 
V16=(1,2,5,8) 
V17=(1,2,5,9) 
V18=(1,2,5,10) 
V19=(1,2,6,7) 
V20=(1,2,6,8) 
V21=(1,2,6,9) 
V22=(1,2,6,10) 
V23=(1,2,7,8) 
V24=(1,2,7,9) 
V25=(1,2,7,10) 
V26=(1,2,8,9) 
V27=(1,2,8,10) 
V28=(1,2,9,10) 
V29=(1,3,4,5) 
V30=(1,3,4,6) 
V31=(1,3,4,7) 
V32=(1,3,4,8) 
V33=(1,3,4,9) 
V34=(1,3,4,10) 
V35=(1,3,5,6) 
V36=(1,3,5,7) 
V37=(1,3,5,8) 
V38=(1,3,5,9) 
V39=(1,3,5,10) 
V40=(1,3,6,7) 
V41=(1,3,6,8) 
V42=(1,3,6,9) 
V43=(1,3,6,10) 
V44=(1,3,7,8) 
V45=(1,3,7,9) 
V46=(1,3,7,10) 
V47=(1,3,8,9) 
V48=(1,3,8,10) 
V49=(1,3,9,10) 
V50=(1,4,5,6) 
V51=(1,4,5,7) 
V52=(1,4,5,8) 
V53=(1,4,5,9) 
V54=(1,4,5,10) 
V55=(1,4,6,7) 
V56=(1,4,6,8) 
V57=(1,4,6,9) 
V58=(1,4,6,10) 
V59=(1,4,7,8) 
V60=(1,4,7,9) 
V61=(1,4,7,10) 
V62=(1,4,8,9) 
V63=(1,4,8,10) 
V64=(1,4,9,10) 
V65=(1,5,6,7) 
V66=(1,5,6,8) 
V67=(1,5,6,9) 
V68=(1,5,6,10) 
V69=(1,5,7,8) 
V70=(1,5,7,9) 
V71=(1,5,7,10) 
V72=(1,5,8,9) 
V73=(1,5,8,10) 
V74=(1,5,9,10) 
V75=(1,6,7,8) 
V76=(1,6,7,9) 
V77=(1,6,7,10) 
V78=(1,6,8,9) 
V79=(1,6,8,10) 
V80=(1,6,9,10) 
V81=(1,7,8,9) 
V82=(1,7,8,10) 
V83=(1,7,9,10) 
V84=(1,8,9,10) 
V85=(2,3,4,5) 
V86=(2,3,4,6) 
V87=(2,3,4,7) 
V88=(2,3,4,8) 
V89=(2,3,4,9) 
V90=(2,3,4,10) 
V91=(2,3,5,6) 
V92=(2,3,5,7) 
V93=(2,3,5,8) 
V94=(2,3,5,9) 
V95=(2,3,5,10) 
V96=(2,3,6,7) 
V97=(2,3,6,8) 
V98=(2,3,6,9) 
V99=(2,3,6,10) 
V100=(2,3,7,8) 
V101=(2,3,7,9) 
V102=(2,3,7,10) 
V103=(2,3,8,9) 
V104=(2,3,8,10) 
V105=(2,3,9,10) 
V106=(2,4,5,6) 
V107=(2,4,5,7) 
V108=(2,4,5,8) 
V109=(2,4,5,9) 
V110=(2,4,5,10) 
V111=(2,4,6,7) 
V112=(2,4,6,8) 
V113=(2,4,6,9) 
V114=(2,4,6,10) 
V115=(2,4,7,8) 
V116=(2,4,7,9) 
V117=(2,4,7,10) 
V118=(2,4,8,9) 
V119=(2,4,8,10) 
V120=(2,4,9,10) 
V121=(2,5,6,7) 
V122=(2,5,6,8) 
V123=(2,5,6,9) 
V124=(2,5,6,10) 
V125=(2,5,7,8) 
V126=(2,5,7,9) 
V127=(2,5,7,10) 
V128=(2,5,8,9) 
V129=(2,5,8,10) 
V130=(2,5,9,10) 
V131=(2,6,7,8) 
V132=(2,6,7,9) 
V133=(2,6,7,10) 
V134=(2,6,8,9) 
V135=(2,6,8,10) 
V136=(2,6,9,10) 
V137=(2,7,8,9) 
V138=(2,7,8,10) 
V139=(2,7,9,10) 
V140=(2,8,9,10) 
V141=(3,4,5,6) 
V142=(3,4,5,7) 
V143=(3,4,5,8) 
V144=(3,4,5,9) 
V145=(3,4,5,10) 
V146=(3,4,6,7) 
V147=(3,4,6,8) 
V148=(3,4,6,9) 
V149=(3,4,6,10) 
V150=(3,4,7,8) 
V151=(3,4,7,9) 
V152=(3,4,7,10) 
V153=(3,4,8,9) 
V154=(3,4,8,10) 
V155=(3,4,9,10) 
V156=(3,5,6,7) 
V157=(3,5,6,8) 
V158=(3,5,6,9) 
V159=(3,5,6,10) 
V160=(3,5,7,8) 
V161=(3,5,7,9) 
V162=(3,5,7,10) 
V163=(3,5,8,9) 
V164=(3,5,8,10) 
V165=(3,5,9,10) 
V166=(3,6,7,8) 
V167=(3,6,7,9) 
V168=(3,6,7,10) 
V169=(3,6,8,9) 
V170=(3,6,8,10) 
V171=(3,6,9,10) 
V172=(3,7,8,9) 
V173=(3,7,8,10) 
V174=(3,7,9,10) 
V175=(3,8,9,10) 
V176=(4,5,6,7) 
V177=(4,5,6,8) 
V178=(4,5,6,9) 
V179=(4,5,6,10) 
V180=(4,5,7,8) 
V181=(4,5,7,9) 
V182=(4,5,7,10) 
V183=(4,5,8,9) 
V184=(4,5,8,10) 
V185=(4,5,9,10) 
V186=(4,6,7,8) 
V187=(4,6,7,9) 
V188=(4,6,7,10) 
V189=(4,6,8,9) 
V190=(4,6,8,10) 
V191=(4,6,9,10) 
V192=(4,7,8,9) 
V193=(4,7,8,10) 
V194=(4,7,9,10) 
V195=(4,8,9,10) 
V196=(5,6,7,8) 
V197=(5,6,7,9) 
V198=(5,6,7,10) 
V199=(5,6,8,9) 
V200=(5,6,8,10) 
V201=(5,6,9,10) 
V202=(5,7,8,9) 
V203=(5,7,8,10) 
V204=(5,7,9,10) 
V205=(5,8,9,10) 
V206=(6,7,8,9) 
V207=(6,7,8,10) 
V208=(6,7,9,10) 
V209=(6,8,9,10) 
V210=(7,8,9,10) 

Matriz muy grande


Número de colores del grafo: 3

Coloración del grafo K-token: 
c1 = { 2 3 4 11 17 18 21 22 24 25 29 30 31 37 41 44 49 53 54 57 58 60 61 65 72 73 78 79 81 82 88 94 95 98 99 101 102 106 107 111 118 119 122 125 130 131 136
139 144 145 148 149 151 152 156 163 164 169 170 172 173 177 180 185 186 191 194 197 198 205 209 210 }
c2 = { 6 7 8 9 10 16 20 23 28 33 34 35 36 40 47 48 52
56 59 64 67 68 70 71 76 77 84 85 86 87 93 97 100 105 109 110 113 114 116 117 121 128 129 134 135 137 138 143 147 150 155 158 159 161 162 167 168 175 176 183 184 189 190 192 193 196 201 204 208 }
c3 = { 1 5 12 13 14 15 19 26 27 32 38 39 42 43 45 46 50 51 55 62 63 66 69 74 75 80 83 89 90 91 92 96 103 104 108 112 115 120 123 124 126 127 132 133 140 141
142 146 153 154 157 160 165 166 171 174 178 179 181 182 187 188 195 199 200 202 203 206 207 }

#### X(G) - X(F_k(G)) = 0 ###

